
101
102
103
104
105
106
107
108
109
110
701
301
302
303
304
305
306
307
308
309
310
311
312
313
314
315
401
402
403
404
405

101	101	 0 0

101	102	 0 1

101	103	 0 2

101	104	 0 3

101	105	 0 4

101	106	 0 5

101	107	 0 6

101	108	 0 7

101	109	 0 8

101	110	 0 9

101	701	 0 10

101	501	 0 0

101	502	 0 1

101	503	 0 2

101	504	 0 3

101	505	 0 4

101	506	 0 5

101	901	 0 6

101	902	 0 7

101	903	 0 8

101	904	 0 9

101	905	 0 10

101	906	 0 11

101	907	 0 12

101	908	 0 13

101	909	 0 14

101	910	 0 15

101	0	 0 0

101	0	 0 0

101	0	 0 0

101	0	 0 0

101	0	 0 0

101	0	 0 0

101	0	 0 0

101	0	 0 0

101	0	 0 0

101	0	 0 0

101	0	 0 0

101	0	 0 0

101	0	 0 0

101	0	 0 0

101	0	 0 0

101	0	 0 0

101	0	 0 0

101	0	 0 0

101	0	 0 0

101	0	 0 0

101	0	 0 0

101	0	 0 0

101	0	 0 0

101	0	 0 0

101	0	 0 0

101	0	 0 0

101	0	 0 0

101	0	 0 0

101	0	 0 0

101	0	 0 0

101	0	 0 0

101	0	 0 0

101	0	 0 0

101	0	 0 0

101	0	 0 0

101	0	 0 0

101	0	 0 0

101	0	 0 0

101	0	 0 0

101	0	 0 0

101	0	 0 0

101	0	 0 0

101	0	 0 0

101	0	 0 0

101	0	 0 0

101	0	 0 0

101	0	 0 0

101	0	 0 0