ROLL NO. DETAILS
5
11	101	102	103	104	105	106	107	108	109	110	701	
20	301	302	303	304	305	306	307	308	309	310	311	312	313	314	315	401	402	403	404	405	
16	501	502	503	504	505	506	901	902	903	904	905	906	907	908	909	910	
6	201	202	203	601	602	603	
4	801	802	803	804	
ROLL NO. DETAILS
4
R1	6	6
R2	7	6
R3	6	6
R4	6	6

 SEAT ALOTTing 
 


=============== Room No: R1===============

102	105	108	701	502	505	
302	305	308	311	314	402	
103	106	109	0	503	506	
303	306	309	312	315	403	
104	107	110	501	504	901	
304	307	310	313	401	404	


=============== Room No: R2===============

902	905	908	0	0	0	
405	202	602	801	804	0	
903	906	909	0	0	0	
0	203	603	802	602	0	
904	907	910	0	0	0	
201	601	307	803	0	0	
0	0	0	0	0	0	


=============== Room No: R3===============

0	0	0	0	0	0	
0	0	0	0	0	0	
0	0	0	0	0	0	
0	0	0	0	0	0	
0	0	0	0	0	0	
0	0	0	0	0	0	


=============== Room No: R4===============

0	0	0	0	0	0	
0	0	0	0	0	0	
0	0	0	0	0	0	
0	0	0	0	0	0	
0	0	0	0	0	0	
0	0	0	0	0	0	
